0 0 100
1 0 100
2 0 100
3 0 100
4 0 100
5 0 100
6 0 100
7 0 100
8 0 100
9 0 100
10 0 100
11 10 109.99
12 10 119.97
13 10 129.94
14 10 139.9
15 10 149.85
16 10 159.79
17 10 169.721
18 10 179.641
19 10 189.551
20 10 199.452
21 10 209.343
22 10 219.223
23 10 229.094
24 10 238.955
25 10 248.806
26 10 258.647
27 10 268.479
28 10 278.3
29 10 288.112
30 10 297.914
31 10 307.706
32 10 317.489
33 10 327.261
34 10 337.024
35 10 346.777
36 10 356.521
37 10 366.254
38 10 375.978
39 10 385.692
40 10 395.397
41 10 405.092
42 10 414.777
43 10 424.452
44 10 434.118
45 10 443.774
46 10 453.42
47 10 463.057
48 10 472.684
49 10 482.302
50 0 481.92
51 0 481.538
52 0 481.157
53 0 480.776
54 0 480.395
55 0 480.015
56 0 479.635
57 0 479.255
58 0 478.876
59 0 478.498
60 0 478.119
61 0 477.741
62 0 477.364
63 0 476.987
64 0 476.61
65 0 476.234
66 0 475.857
67 0 475.482
68 0 475.107
69 0 474.732
70 0 474.357
71 0 473.983
72 0 473.609
73 0 473.236
74 0 472.863
75 0 472.49
76 0 472.118
77 0 471.746
78 0 471.374
79 0 471.003
80 0 470.632
81 0 470.262
82 0 469.892
83 0 469.522
84 0 469.153
85 0 468.784
86 0 468.415
87 0 468.047
88 0 467.679
89 0 467.311
90 0 466.944
91 0 466.578
92 0 466.211
93 0 465.845
94 0 465.479
95 0 465.114
96 0 464.749
97 0 464.385
98 0 464.02
99 0 463.657
